
ランダムサンプリング
iter = 40:
    PI 0.5
    38.425 13.6
    1.5 6.475

    DI 0.5
    33.1 10.325
    6.175 10.4

    PI 0.5
    37.8 14.05
    1.3375 6.8125
    DI 0.5
    32.725 9.5875
    6.6625 11.025
    =================
    PI 0.6
    38.725 12.925
    1.35 7.0
    DI 0.6
    35.0875 9.4375
    5.375 10.1
    =================
    PI 0.7
    39.6 12.2875
    1.35 6.7625
    DI 0.7
    36.85 10.225
    3.8125 9.1125
    =================
    PI 0.8
    40.6125 11.1125
    1.475 6.8
    DI 0.8
    38.4625 10.4625
    2.6875 8.3875

カテゴリ別サンプリング
iter = 40:
    PI 0.5
    38.825 13.45
    1.65 6.075
    DI 0.5
    33.275 9.725
    7.075 9.925
    =================
    PI 0.6
    38.875 13.675
    1.25 6.2
    DI 0.6
    35.05 10.15
    5.75 9.05
    =================
    PI 0.7
    39.425 12.65
    1.6 6.325
    DI 0.7
    36.625 10.525
    3.85 9.0
    =================
    PI 0.8
    41.45 10.825
    1.425 6.3
    DI 0.8
    38.675 9.95
    3.125 8.25


    PI 0.5
    39.2375 13.5625  
    1.4875 5.7125    
    DI 0.5
    32.8375 8.9625   
    6.8375 11.3625   
    =================
    PI 0.6
    40.5 12.4        
    1.525 5.575      
    DI 0.6
    34.125 9.8       
    6.225 9.85       
    =================
    PI 0.7
    41.375 11.675    
    1.3375 5.6125    
    DI 0.7
    36.275 10.4      
    4.225 9.1        
    =================
    PI 0.8
    42.8625 10.0125
    1.525 5.6      
    DI 0.8
    37.5875 10.2125
    3.25 8.95  

    PI 0.5
    39.3375 13.475
    1.6 5.5875
    DI 0.5
    31.9625 9.9375
    6.85 11.25
    =================
    PI 0.6
    40.4875 12.2625
    1.575 5.675
    DI 0.6
    34.0875 9.95
    5.5625 10.4
    =================
    PI 0.7
    41.225 11.575
    1.625 5.575
    DI 0.7
    36.7625 9.7125
    4.6 8.925
    =================
    PI 0.8
    42.65 10.1375
    1.675 5.5375
    DI 0.8
    37.975 10.025
    2.95 9.05

    カテゴリ別-完全ランダムの違いは何?
    marginをつければ完全ランダムでもPIをよくできる?

    どちらの方法でも, margin = 0にして結果をくらべたらどうなるか？
    カテゴリ別のほうが結果が良い，
    両者の違いの差はタスク集合にあるらしい...
    仮説: カテゴリ別で取り出したほうが, パラメータと実際の再開・不正解の乖離が少ない?
    カテゴリ別:
    PI 0.7
    38.31 15.12
    1.02 5.55
    DI 0.7
    36.55 8.9
    4.65 9.9

    完全ランダム:
    PI 0.7
    37.04 15.4
    1.33 6.23
    DI 0.7
    37.15 10.41
    3.94 8.5