

PIの品質が下がってしまうことの原因は
・B割り当てが失敗する(正解率: 0.05~0.45)(数: 5~15/40くらい)

0.5       19 0.0
0.51      9 0.0
0.52      0.0543859649122807
0.53      0.0543859649122807
0.54      0.043859649122807015
0.55      0.043859649122807015
0.56      0.05012531328320802
0.57      0.11428571428571428
0.58      0.11428571428571428
0.59      0.12011904761904761
0.6       0.12011904761904761
0.61      0.11845238095238095
0.62      0.13380952380952382
0.63      0.17928571428571427
0.64      0.17623015873015874
0.65      0.21875
0.66      0.22986111111111113
0.67      0.23948412698412697
0.68      0.25765873015873014
0.69      0.28922619047619047
0.7       0.3103445165945166
0.71      0.31799062049062055
0.72      0.31799062049062055
0.73      0.3368380230880231
0.74      0.3635768398268398
0.75      0.39445027195027194
0.76      0.42008838383838387
0.77      0.4251893939393939
0.78      0.4289169164169165
0.79      0.4506253468753469
0.8       0.4539673969821029
=====================================
[0.5974999999999999, 0.6125, 0.6100000000000001, 0.6087499999999999, 0.6174999999999999, 0.6237499999999999,
 0.6224999999999998, 0.63375, 0.6287499999999999, 0.6300000000000001, 0.6275000000000001, 0.6375, 0.6362500000000001, 
 0.62, 0.6325000000000001, 0.625, 0.63125, 0.64, 0.64375, 0.64125, 0.6275, 0.61875, 0.6312500000000001, 0.63375, 0.6325,
  0.62625, 0.6337499999999999, 0.6412499999999999, 0.6499999999999999, 0.6475, 0.6637500000000001] 


[DI]
・threshold 0.75~0.80のときに10~15タスクほどにtop割当てが発生
========
0.5 0
0.51 0
0.52 0
0.53 0
0.54 0
0.55 0
0.56 0
0.57 0
0.58 0
0.59 0
0.6 0
0.61 0
0.62 0
0.63 0
0.64 0
0.65 0
0.66 0
0.67 0
0.68 0
0.69 0
0.7 0
0.71 0
0.72 0
0.73 0
0.74 0
0.75 13
0.76 13
0.77 13
0.78 13
0.79 13
0.8 13

=======
0.5 0 nan
0.51 0 nan
0.52 0 nan
0.53 0 nan
0.54 0 nan
0.55 0 nan
0.56 0 nan
0.57 0 nan
0.58 0 nan
0.59 0 nan
0.6 0 nan
0.61 0 nan
0.62 0 nan
0.63 0 nan
0.64 0 nan
0.65 0 nan
0.66 0 nan
0.67 0 nan
0.68 0 nan
0.69 0 nan
0.7 0 nan
0.71 0 nan
0.72 0 nan
0.73 0 nan
0.74 1 0.9285714285714286
0.75 2 0.848901098901099
0.76 3 0.8770451770451771
0.77 3 0.8770451770451771
0.78 3 0.8770451770451771
0.79 4 0.8452838827838829
0.8 4 0.8452838827838829
=====================================
[0.5700000000000001, 0.5887500000000001, 0.6, 0.6187500000000001, 0.615, 0.615, 0.61875, 0.6125, 0.6025000000000001, 
0.605, 0.6075, 0.6100000000000001, 0.6125, 0.5987500000000001, 0.5962500000000002, 0.6025, 0.6025000000000001, 
0.6287499999999999, 0.6275000000000001, 0.6575000000000001, 0.645, 0.6499999999999998, 0.6425, 0.64, 0.65125, 
0.64375, 0.6399999999999999, 0.6424999999999998, 0.6337499999999999, 0.6524999999999999, 0.65875]


0.5       nan
0.51      nan
0.52      nan
0.53      nan
0.54      nan
0.55      nan
0.56      nan
0.57      nan
0.58      nan
0.59      nan
0.6       nan
0.61      nan
0.62      nan
0.63      nan
0.64      nan
0.65      nan
0.66      nan
0.67      nan
0.68      nan
0.69      nan
0.7       nan
0.71      nan
0.72      nan
0.73      nan
0.74      0.9285714285714286
0.75      0.848901098901099
0.76      0.8770451770451771
0.77      0.8770451770451771
0.78      0.8770451770451771
0.79      0.8452838827838829
0.8       0.8452838827838829

